{"assets": ["logret_bse_close", "log_return_nifty50_close", "log_return_sp500_close", "log_return_gold_close", "log_return_brent_close", "log_return_usd_inr_close", "logret_crude_price", "log_return_DGS10", "log_return_DHHNGSP"], "matrix": [[1.0, 0.6605, 0.235, -0.0127, 0.1014, -0.1994, 0.0474, 0.0645, 0.0289], [0.6605, 1.0, 0.3102, 0.0238, 0.2049, -0.4952, 0.0966, 0.0671, 0.0117], [0.235, 0.3102, 1.0, 0.0127, 0.3282, -0.1612, 0.0741, 0.2858, 0.0269], [-0.0127, 0.0238, 0.0127, 1.0, 0.1134, 0.0057, 0.0173, -0.1815, 0.0155], [0.1014, 0.2049, 0.3282, 0.1134, 1.0, -0.1641, 0.144, 0.2013, 0.0216], [-0.1994, -0.4952, -0.1612, 0.0057, -0.1641, 1.0, -0.0826, 0.0129, 0.0253], [0.0474, 0.0966, 0.0741, 0.0173, 0.144, -0.0826, 1.0, 0.0794, 0.0202], [0.0645, 0.0671, 0.2858, -0.1815, 0.2013, 0.0129, 0.0794, 1.0, -0.0196], [0.0289, 0.0117, 0.0269, 0.0155, 0.0216, 0.0253, 0.0202, -0.0196, 1.0]], "label": "daily_log_returns"}