{"assets": ["nifty50_close", "sp500_close", "gold_close", "brent_close", "usd_inr_close", "nifty50_monthly_return", "sp500_monthly_return", "gold_monthly_return", "brent_monthly_return", "usd_inr_monthly_change", "us_cpi_index", "us_unemployment_rate", "us_fed_funds_rate", "us_10y_yield", "crude_price", "DHHNGSP", "DGS10", "bse_close"], "matrix": [[1.0, 0.9908, 0.886, 0.0353, 0.9348, 0.0554, -0.2145, -0.1893, -0.4282, 0.1886, 0.9898, -0.8208, 0.8752, -0.1502, 0.4514, -0.1007, -0.3692, 0.9922], [0.9908, 1.0, 0.8997, 0.0201, 0.9533, 0.0448, -0.2173, -0.2116, -0.4383, 0.207, 0.9853, -0.8327, 0.8277, -0.2393, 0.4668, -0.1133, -0.4079, 0.9752], [0.886, 0.8997, 1.0, 0.1431, 0.7999, 0.0257, -0.1892, -0.0934, -0.3938, 0.2017, 0.8821, -0.6302, 0.7442, -0.143, 0.4521, -0.0879, -0.3393, 0.8655], [0.0353, 0.0201, 0.1431, 1.0, -0.0074, 0.003, -0.084, -0.1776, -0.0739, 0.145, 0.0821, -0.059, 0.0534, 0.0351, 0.555, 0.1585, -0.1025, 0.0521], [0.9348, 0.9533, 0.7999, -0.0074, 1.0, 0.0247, -0.2934, -0.3051, -0.5237, 0.2711, 0.9594, -0.9136, 0.7878, -0.4079, 0.5128, -0.1491, -0.4956, 0.9052], [0.0554, 0.0448, 0.0257, 0.003, 0.0247, 1.0, 0.4922, 0.0663, 0.2032, -0.5135, 0.0275, 0.0345, 0.0081, -0.0546, 0.0266, -0.0058, -0.0266, 0.0529], [-0.2145, -0.2173, -0.1892, -0.084, -0.2934, 0.4922, 1.0, 0.2181, 0.5305, -0.4445, -0.2512, 0.37, -0.1607, 0.2303, -0.2421, -0.01, 0.2203, -0.195], [-0.1893, -0.2116, -0.0934, -0.1776, -0.3051, 0.0663, 0.2181, 1.0, 0.293, -0.2926, -0.2235, 0.3778, -0.091, 0.3668, -0.3296, 0.027, 0.2921, -0.1615], [-0.4282, -0.4383, -0.3938, -0.0739, -0.5237, 0.2032, 0.5305, 0.293, 1.0, -0.2934, -0.4689, 0.5991, -0.3866, 0.36, -0.3877, 0.0825, 0.365, -0.3876], [0.1886, 0.207, 0.2017, 0.145, 0.2711, -0.5135, -0.4445, -0.2926, -0.2934, 1.0, 0.2228, -0.2626, 0.1424, -0.2112, 0.2444, -0.0369, -0.1997, 0.1761], [0.9898, 0.9853, 0.8821, 0.0821, 0.9594, 0.0275, -0.2512, -0.2235, -0.4689, 0.2228, 1.0, -0.8466, 0.879, -0.1997, 0.4962, -0.1053, -0.4025, 0.981], [-0.8208, -0.8327, -0.6302, -0.059, -0.9136, 0.0345, 0.37, 0.3778, 0.5991, -0.2626, -0.8466, 1.0, -0.7129, 0.4358, -0.5462, 0.1335, 0.5086, -0.7788], [0.8752, 0.8277, 0.7442, 0.0534, 0.7878, 0.0081, -0.1607, -0.091, -0.3866, 0.1424, 0.879, -0.7129, 1.0, 0.1341, 0.3565, -0.14, -0.2254, 0.8824], [-0.1502, -0.2393, -0.143, 0.0351, -0.4079, -0.0546, 0.2303, 0.3668, 0.36, -0.2112, -0.1997, 0.4358, 0.1341, 1.0, -0.3679, 0.1602, 0.544, -0.0885], [0.4514, 0.4668, 0.4521, 0.555, 0.5128, 0.0266, -0.2421, -0.3296, -0.3877, 0.2444, 0.4962, -0.5462, 0.3565, -0.3679, 1.0, 0.3828, -0.5594, 0.4235], [-0.1007, -0.1133, -0.0879, 0.1585, -0.1491, -0.0058, -0.01, 0.027, 0.0825, -0.0369, -0.1053, 0.1335, -0.14, 0.1602, 0.3828, 1.0, -0.1028, -0.0837], [-0.3692, -0.4079, -0.3393, -0.1025, -0.4956, -0.0266, 0.2203, 0.2921, 0.365, -0.1997, -0.4025, 0.5086, -0.2254, 0.544, -0.5594, -0.1028, 1.0, -0.3267], [0.9922, 0.9752, 0.8655, 0.0521, 0.9052, 0.0529, -0.195, -0.1615, -0.3876, 0.1761, 0.981, -0.7788, 0.8824, -0.0885, 0.4235, -0.0837, -0.3267, 1.0]], "label": "monthly_raw"}