{"assets": ["log_nifty50_close", "log_sp500_close", "log_gold_close", "log_brent_close", "log_usd_inr_close", "log_us_cpi_index", "log_us_unemployment_rate", "log_us_fed_funds_rate", "log_us_10y_yield", "log_crude_price", "logret_crude_price", "log_DHHNGSP", "log_DGS10", "log_bse_close"], "matrix": [[1.0, 0.9916, 0.881, -0.0477, 0.9648, 0.9873, -0.9064, 0.8296, -0.3461, 0.5303, -0.0899, -0.1951, -0.5169, 0.9832], [0.9916, 1.0, 0.8847, -0.055, 0.9833, 0.9779, -0.9131, 0.7957, -0.4334, 0.5571, -0.0903, -0.2128, -0.5793, 0.9599], [0.881, 0.8847, 1.0, 0.1303, 0.8396, 0.916, -0.7053, 0.7002, -0.3316, 0.5493, -0.0788, -0.1699, -0.4898, 0.878], [-0.0477, -0.055, 0.1303, 1.0, -0.0991, 0.0176, 0.0316, -0.0412, 0.2754, 0.3554, 0.0798, 0.2621, 0.0914, -0.0169], [0.9648, 0.9833, 0.8396, -0.0991, 1.0, 0.955, -0.9294, 0.7902, -0.4864, 0.5587, -0.1112, -0.2386, -0.6149, 0.9172], [0.9873, 0.9779, 0.916, 0.0176, 0.955, 1.0, -0.8788, 0.84, -0.2913, 0.5337, -0.099, -0.186, -0.4796, 0.9823], [-0.9064, -0.9131, -0.7053, 0.0316, -0.9294, -0.8788, 1.0, -0.8497, 0.3736, -0.5607, 0.1489, 0.1952, 0.5468, -0.8485], [0.8296, 0.7957, 0.7002, -0.0412, 0.7902, 0.84, -0.8497, 1.0, -0.026, 0.4106, -0.1282, -0.2103, -0.2783, 0.8233], [-0.3461, -0.4334, -0.3316, 0.2754, -0.4864, -0.2913, 0.3736, -0.026, 1.0, -0.343, 0.0586, 0.2444, 0.7679, -0.2425], [0.5303, 0.5571, 0.5493, 0.3554, 0.5587, 0.5337, -0.5607, 0.4106, -0.343, 1.0, 0.0192, 0.333, -0.6069, 0.4717], [-0.0899, -0.0903, -0.0788, 0.0798, -0.1112, -0.099, 0.1489, -0.1282, 0.0586, 0.0192, 1.0, -0.0104, 0.074, -0.0759], [-0.1951, -0.2128, -0.1699, 0.2621, -0.2386, -0.186, 0.1952, -0.2103, 0.2444, 0.333, -0.0104, 1.0, 0.0522, -0.1688], [-0.5169, -0.5793, -0.4898, 0.0914, -0.6149, -0.4796, 0.5468, -0.2783, 0.7679, -0.6069, 0.074, 0.0522, 1.0, -0.4222], [0.9832, 0.9599, 0.878, -0.0169, 0.9172, 0.9823, -0.8485, 0.8233, -0.2425, 0.4717, -0.0759, -0.1688, -0.4222, 1.0]], "label": "monthly_log"}