{"assets": ["log_bse_close", "log_nifty50_close", "log_sp500_close", "log_gold_close", "log_brent_close", "log_usd_inr_close", "log_crude_price", "log_DGS10", "log_DHHNGSP"], "matrix": [[1.0, 0.9883, 0.9639, 0.8739, -0.2194, 0.9176, 0.4626, -0.415, -0.2441], [0.9883, 1.0, 0.9892, 0.867, -0.2839, 0.9575, 0.4989, -0.4859, -0.2756], [0.9639, 0.9892, 1.0, 0.8706, -0.3063, 0.9815, 0.5362, -0.5642, -0.3021], [0.8739, 0.867, 0.8706, 1.0, -0.0764, 0.8222, 0.527, -0.4679, -0.2446], [-0.2194, -0.2839, -0.3063, -0.0764, 1.0, -0.3598, 0.1338, 0.3187, 0.3352], [0.9176, 0.9575, 0.9815, 0.8222, -0.3598, 1.0, 0.5419, -0.6086, -0.3348], [0.4626, 0.4989, 0.5362, 0.527, 0.1338, 0.5419, 1.0, -0.6118, 0.2078], [-0.415, -0.4859, -0.5642, -0.4679, 0.3187, -0.6086, -0.6118, 1.0, 0.1869], [-0.2441, -0.2756, -0.3021, -0.2446, 0.3352, -0.3348, 0.2078, 0.1869, 1.0]], "label": "daily_log"}