{"assets": ["bse_close", "nifty50_close", "sp500_close", "gold_close", "brent_close", "usd_inr_close", "crude_price", "DGS10", "DHHNGSP"], "matrix": [[1.0, 0.9937, 0.9764, 0.8627, -0.1519, 0.9052, 0.412, -0.3267, -0.1304], [0.9937, 1.0, 0.9899, 0.8803, -0.1906, 0.9287, 0.4261, -0.3581, -0.1479], [0.9764, 0.9899, 1.0, 0.8918, -0.2187, 0.9515, 0.4481, -0.4061, -0.1642], [0.8627, 0.8803, 0.8918, 1.0, -0.049, 0.7878, 0.4331, -0.3311, -0.1277], [-0.1519, -0.1906, -0.2187, -0.049, 1.0, -0.2851, 0.3396, 0.1019, 0.2092], [0.9052, 0.9287, 0.9515, 0.7878, -0.2851, 1.0, 0.4913, -0.499, -0.214], [0.412, 0.4261, 0.4481, 0.4331, 0.3396, 0.4913, 1.0, -0.5735, 0.2893], [-0.3267, -0.3581, -0.4061, -0.3311, 0.1019, -0.499, -0.5735, 1.0, -0.0089], [-0.1304, -0.1479, -0.1642, -0.1277, 0.2092, -0.214, 0.2893, -0.0089, 1.0]], "label": "daily_raw"}